<div id="dc391e01-10de-4308-92d9-6311c6926e26" style="height: 100%; width: 90%;" class="plotly-graph-div"></div><script type="text/javascript">window.PLOTLYENV=window.PLOTLYENV || {};window.PLOTLYENV.BASE_URL="https://plot.ly";Plotly.newPlot("dc391e01-10de-4308-92d9-6311c6926e26", [{"z": [[1.0, -0.19826663083385135, 0.15318814622165966, -0.06908784020570786, 0.12081422758886635, 0.33340376566444335], [-0.19826663083385135, 1.0, -0.12687585400468634, -0.18718798339146614, 0.08205169378248603, -0.5286653262351345], [0.15318814622165966, -0.12687585400468634, 1.0, -0.06861257159861388, 0.14826494516970898, 0.22269140318398065], [-0.06908784020570786, -0.18718798339146614, -0.06861257159861388, 1.0, 0.08029784849744603, -0.0867492360255953], [0.12081422758886635, 0.08205169378248603, 0.14826494516970898, 0.08029784849744603, 1.0, -0.31689216850829854], [0.33340376566444335, -0.5286653262351345, 0.22269140318398065, -0.0867492360255953, -0.31689216850829854, 1.0]], "y": ["device_0", "device_1", "device_2", "device_3", "device_4", "class"], "colorscale": [[0.0, "rgb(255, 153, 51)"], [0.1111111111111111, "rgb(55, 128, 191)"], [0.2222222222222222, "rgb(50, 171, 96)"], [0.3333333333333333, "rgb(128, 0, 128)"], [0.4444444444444444, "rgb(219, 64, 82)"], [0.5555555555555556, "rgb(0, 128, 128)"], [0.6666666666666666, "rgb(255, 255, 51)"], [0.7777777777777778, "rgb(128, 128, 0)"], [0.8888888888888888, "rgb(251, 128, 114)"], [1.0, "rgb(128, 177, 211)"]], "type": "heatmap", "x": ["device_0", "device_1", "device_2", "device_3", "device_4", "class"]}], {"paper_bgcolor": "#FFFFFF", "titlefont": {"color": "#4D5663"}, "plot_bgcolor": "#FFFFFF", "legend": {"font": {"color": "#4D5663"}, "bgcolor": "#FFFFFF"}, "yaxis1": {"titlefont": {"color": "#4D5663"}, "zerolinecolor": "#E1E5ED", "showgrid": true, "title": "Features", "gridcolor": "#E1E5ED", "tickfont": {"color": "#4D5663"}}, "xaxis1": {"titlefont": {"color": "#4D5663"}, "zerolinecolor": "#E1E5ED", "showgrid": true, "title": "Features", "gridcolor": "#E1E5ED", "tickfont": {"color": "#4D5663"}}}, {})</script>