<div id="dc7352ad-378d-45ce-a566-c2bc4416762d" style="height: 100%; width: 90%;" class="plotly-graph-div"></div><script type="text/javascript">window.PLOTLYENV=window.PLOTLYENV || {};window.PLOTLYENV.BASE_URL="https://plot.ly";Plotly.newPlot("dc7352ad-378d-45ce-a566-c2bc4416762d", [{"type": "heatmap", "z": [[1.0, 0.10575010596601608, -0.11643121478190993, -0.17690802618071075, 0.18333759321257362, 0.3385109698154338], [0.10575010596601608, 1.0, 0.0846029036989057, 0.10813768263136367, 0.17506717702483007, -0.36015065906369437], [-0.11643121478190993, 0.0846029036989057, 1.0, -0.2529303909219178, -0.05603599888652572, -0.08471019095426924], [-0.17690802618071075, 0.10813768263136367, -0.2529303909219178, 1.0, -0.11977712350644606, -0.5276463278278908], [0.18333759321257362, 0.17506717702483007, -0.05603599888652572, -0.11977712350644606, 1.0, 0.22664399242433153], [0.3385109698154338, -0.36015065906369437, -0.08471019095426924, -0.5276463278278908, 0.22664399242433153, 1.0]], "x": ["device_0", "device_1", "device_2", "device_3", "device_4", "class"], "y": ["device_0", "device_1", "device_2", "device_3", "device_4", "class"], "colorscale": [[0.0, "rgb(255, 153, 51)"], [0.1111111111111111, "rgb(55, 128, 191)"], [0.2222222222222222, "rgb(50, 171, 96)"], [0.3333333333333333, "rgb(128, 0, 128)"], [0.4444444444444444, "rgb(219, 64, 82)"], [0.5555555555555556, "rgb(0, 128, 128)"], [0.6666666666666666, "rgb(255, 255, 51)"], [0.7777777777777778, "rgb(128, 128, 0)"], [0.8888888888888888, "rgb(251, 128, 114)"], [1.0, "rgb(128, 177, 211)"]]}], {"legend": {"bgcolor": "#FFFFFF", "font": {"color": "#4D5663"}}, "paper_bgcolor": "#FFFFFF", "plot_bgcolor": "#FFFFFF", "yaxis1": {"tickfont": {"color": "#4D5663"}, "gridcolor": "#E1E5ED", "titlefont": {"color": "#4D5663"}, "zerolinecolor": "#E1E5ED", "showgrid": true, "title": "Features"}, "xaxis1": {"tickfont": {"color": "#4D5663"}, "gridcolor": "#E1E5ED", "titlefont": {"color": "#4D5663"}, "zerolinecolor": "#E1E5ED", "showgrid": true, "title": "Features"}, "titlefont": {"color": "#4D5663"}}, {})</script>