<div id="b9044d6e-2652-4eff-9117-5c02401152d5" style="height: 100%; width: 90%;" class="plotly-graph-div"></div><script type="text/javascript">window.PLOTLYENV=window.PLOTLYENV || {};window.PLOTLYENV.BASE_URL="https://plot.ly";Plotly.newPlot("b9044d6e-2652-4eff-9117-5c02401152d5", [{"type": "heatmap", "y": [0, 1, 2, 3, 4, 5, 6, 7, 8], "x": [0, 1, 2, 3, 4, 5, 6, 7, 8], "colorscale": [[0.0, "rgb(255, 153, 51)"], [0.1111111111111111, "rgb(55, 128, 191)"], [0.2222222222222222, "rgb(50, 171, 96)"], [0.3333333333333333, "rgb(128, 0, 128)"], [0.4444444444444444, "rgb(219, 64, 82)"], [0.5555555555555556, "rgb(0, 128, 128)"], [0.6666666666666666, "rgb(255, 255, 51)"], [0.7777777777777778, "rgb(128, 128, 0)"], [0.8888888888888888, "rgb(251, 128, 114)"], [1.0, "rgb(128, 177, 211)"]], "z": [[1.0, 0.3950647127595151, 0.36908745630274825, 0.2947224210821067, 0.30429006501993316, 0.3321310571621363, 0.2576838227123782, 0.3289472462372041, 0.2173473910169486], [0.3950647127595151, 1.0, 0.48776262450056673, 0.30503315857419533, 0.4023548847486106, 0.3955762248911542, 0.5013867898386726, 0.39242855540603727, 0.16647139347423442], [0.36908745630274825, 0.48776262450056673, 1.0, 0.17594718716724594, 0.2753713323633685, 0.25113219714889834, 0.36578040350583907, 0.25430756626024703, 0.06048767748726615], [0.2947224210821067, 0.30503315857419533, 0.17594718716724594, 1.0, 0.22855078445745292, 0.2966657658816204, 0.34728859831127373, 0.21707402645076418, 0.10310556514994175], [0.30429006501993316, 0.4023548847486106, 0.2753713323633685, 0.22855078445745292, 1.0, 0.32928692877853466, 0.37837480990883526, 0.3308132835602502, 0.19584334215318008], [0.3321310571621363, 0.3955762248911542, 0.25113219714889834, 0.2966657658816204, 0.32928692877853466, 1.0, 0.49487989282911565, 0.2716408317108424, 0.1321427347657135], [0.2576838227123782, 0.5013867898386726, 0.36578040350583907, 0.34728859831127373, 0.37837480990883526, 0.49487989282911565, 1.0, 0.46460758309279165, 0.28186411415021284], [0.3289472462372041, 0.39242855540603727, 0.25430756626024703, 0.21707402645076418, 0.3308132835602502, 0.2716408317108424, 0.46460758309279165, 1.0, 0.1637877460702604], [0.2173473910169486, 0.16647139347423442, 0.06048767748726615, 0.10310556514994175, 0.19584334215318008, 0.1321427347657135, 0.28186411415021284, 0.1637877460702604, 1.0]]}], {"titlefont": {"color": "#4D5663"}, "paper_bgcolor": "#FFFFFF", "yaxis1": {"tickfont": {"color": "#4D5663"}, "titlefont": {"color": "#4D5663"}, "gridcolor": "#E1E5ED", "title": "Features", "showgrid": true, "zerolinecolor": "#E1E5ED"}, "plot_bgcolor": "#FFFFFF", "xaxis1": {"tickfont": {"color": "#4D5663"}, "titlefont": {"color": "#4D5663"}, "gridcolor": "#E1E5ED", "title": "Features", "showgrid": true, "zerolinecolor": "#E1E5ED"}, "legend": {"font": {"color": "#4D5663"}, "bgcolor": "#FFFFFF"}}, {})</script>