<div id="b173cb0e-a471-42e7-8d28-e93ac9fd2bfb" style="height: 100%; width: 90%;" class="plotly-graph-div"></div><script type="text/javascript">window.PLOTLYENV=window.PLOTLYENV || {};window.PLOTLYENV.BASE_URL="https://plot.ly";Plotly.newPlot("b173cb0e-a471-42e7-8d28-e93ac9fd2bfb", [{"type": "heatmap", "z": [[1.0, 0.6449125043512701, 0.6545890800019263, 0.4863562436767054, 0.521816219959858, 0.5900082113569037, 0.558428162285398, 0.5358345492129767, 0.35003385648596474, 0.7160013621134116], [0.6449125043512701, 1.0, 0.9068819130526037, 0.7055818115571199, 0.7517991298771357, 0.6866727999285235, 0.7557209811005803, 0.7228648219063655, 0.45869314741651246, 0.8179037353075628], [0.6545890800019263, 0.9068819130526037, 1.0, 0.683079200230486, 0.7196684371703589, 0.707473766482191, 0.7359484540233039, 0.7194463169532814, 0.43891092892821293, 0.8189337394205302], [0.4863562436767054, 0.7055818115571199, 0.683079200230486, 1.0, 0.5995990684255099, 0.6669710296420321, 0.6667153262640594, 0.6033524122167666, 0.4176327800568912, 0.696800206285747], [0.521816219959858, 0.7517991298771357, 0.7196684371703589, 0.5995990684255099, 1.0, 0.583701448129271, 0.6161018408718538, 0.6288806855890972, 0.47910147703474987, 0.682784530093861], [0.5900082113569037, 0.6866727999285235, 0.707473766482191, 0.6669710296420321, 0.583701448129271, 1.0, 0.6742147072859774, 0.5747781331325079, 0.3423971170203798, 0.8189679369613962], [0.558428162285398, 0.7557209811005803, 0.7359484540233039, 0.6667153262640594, 0.6161018408718538, 0.6742147072859774, 1.0, 0.6658778094254494, 0.3441694962658576, 0.7566161463789082], [0.5358345492129767, 0.7228648219063655, 0.7194463169532814, 0.6033524122167666, 0.6288806855890972, 0.5747781331325079, 0.6658778094254494, 1.0, 0.4283357493535822, 0.712243622025117], [0.35003385648596474, 0.45869314741651246, 0.43891092892821293, 0.4176327800568912, 0.47910147703474987, 0.3423971170203798, 0.3441694962658576, 0.4283357493535822, 1.0, 0.42317025679524184], [0.7160013621134116, 0.8179037353075628, 0.8189337394205302, 0.696800206285747, 0.682784530093861, 0.8189679369613962, 0.7566161463789082, 0.712243622025117, 0.42317025679524184, 1.0]], "x": ["clump_thickness", "uniformity_cell_size", "uniformity_cell_shape", "marginal_adhesion", "single_epithelial_cell_size", "bare_nuclei", "bland_chromatin", "normal_nucleoli", "mitoses", "class"], "y": ["clump_thickness", "uniformity_cell_size", "uniformity_cell_shape", "marginal_adhesion", "single_epithelial_cell_size", "bare_nuclei", "bland_chromatin", "normal_nucleoli", "mitoses", "class"], "colorscale": [[0.0, "rgb(255, 153, 51)"], [0.1111111111111111, "rgb(55, 128, 191)"], [0.2222222222222222, "rgb(50, 171, 96)"], [0.3333333333333333, "rgb(128, 0, 128)"], [0.4444444444444444, "rgb(219, 64, 82)"], [0.5555555555555556, "rgb(0, 128, 128)"], [0.6666666666666666, "rgb(255, 255, 51)"], [0.7777777777777778, "rgb(128, 128, 0)"], [0.8888888888888888, "rgb(251, 128, 114)"], [1.0, "rgb(128, 177, 211)"]]}], {"legend": {"bgcolor": "#FFFFFF", "font": {"color": "#4D5663"}}, "paper_bgcolor": "#FFFFFF", "plot_bgcolor": "#FFFFFF", "yaxis1": {"tickfont": {"color": "#4D5663"}, "gridcolor": "#E1E5ED", "titlefont": {"color": "#4D5663"}, "zerolinecolor": "#E1E5ED", "showgrid": true, "title": "Features"}, "xaxis1": {"tickfont": {"color": "#4D5663"}, "gridcolor": "#E1E5ED", "titlefont": {"color": "#4D5663"}, "zerolinecolor": "#E1E5ED", "showgrid": true, "title": "Features"}, "titlefont": {"color": "#4D5663"}}, {})</script>