<div id="509f9048-7827-45e4-9afc-ac20f7493532" style="height: 100%; width: 90%;" class="plotly-graph-div"></div><script type="text/javascript">window.PLOTLYENV=window.PLOTLYENV || {};window.PLOTLYENV.BASE_URL="https://plot.ly";Plotly.newPlot("509f9048-7827-45e4-9afc-ac20f7493532", [{"y": ["symboling", "normalized_losses", "wheel_base", "length", "width", "height", "curb_weight", "engine_size", "bore", "stroke", " compression_ratio", "horsepower", "peak_rpm", "city_mpg", "highway_mpg"], "type": "heatmap", "colorscale": [[0.0, "rgb(255, 153, 51)"], [0.1111111111111111, "rgb(55, 128, 191)"], [0.2222222222222222, "rgb(50, 171, 96)"], [0.3333333333333333, "rgb(128, 0, 128)"], [0.4444444444444444, "rgb(219, 64, 82)"], [0.5555555555555556, "rgb(0, 128, 128)"], [0.6666666666666666, "rgb(255, 255, 51)"], [0.7777777777777778, "rgb(128, 128, 0)"], [0.8888888888888888, "rgb(251, 128, 114)"], [1.0, "rgb(128, 177, 211)"]], "z": [[1.0, 0.4636471355878338, -0.3172655097327153, -0.1518846392828973, -0.04822164480070925, -0.24930120162388952, -0.09788840990527774, 0.0007022418005586076, -0.10507737295970138, 0.06129595304378867, 0.16511882544687945, 0.08976748575959699, 0.1363558493981893, -0.015737034836937586, 0.046857834624239016], [0.4636471355878338, 1.0, -0.07738041949917157, 0.031122180860390106, 0.06092420362411018, -0.4141109050752074, 0.08861144507183448, 0.17111254637714424, 0.00221823646589699, 0.03998825530646368, -0.038465009821653955, 0.20686034860157973, 0.1739815813865329, -0.18991414200507697, -0.1573946544746261], [-0.3172655097327153, -0.07738041949917157, 1.0, 0.8289962019999868, 0.7801005208713088, 0.4608164200184143, 0.7594810486602784, 0.6561442424449215, 0.6154186520015177, 0.11209227236382165, -0.12987114105387346, 0.5808227913635662, -0.18534324135733063, -0.6786247213284128, -0.6608569190703933], [-0.1518846392828973, 0.031122180860390106, 0.8289962019999868, 1.0, 0.7969607502812343, 0.3933907985364797, 0.8434319618010403, 0.7357455053530855, 0.7033594217562115, 0.09518017601329357, -0.0982265657568939, 0.6932281813348106, -0.1672538739679297, -0.7684105557717709, -0.7271910606104531], [-0.04822164480070925, 0.06092420362411018, 0.7801005208713088, 0.7969607502812343, 1.0, 0.21133729877681412, 0.780112435923385, 0.7306387970367043, 0.6149990700766801, 0.14887202381673706, -0.13286215351417296, 0.6894947478723789, -0.14305199197953986, -0.7367926110318602, -0.7101696863404231], [-0.24930120162388952, -0.4141109050752074, 0.4608164200184143, 0.3933907985364797, 0.21133729877681412, 1.0, 0.2656319130846069, 0.07254014986225477, 0.1496838420498638, -0.07159519295693552, 0.0347469032897184, 0.04152942373015205, -0.11517392768488419, -0.19246425911844245, -0.20021710164170037], [-0.09788840990527774, 0.08861144507183448, 0.7594810486602784, 0.8434319618010403, 0.780112435923385, 0.2656319130846069, 1.0, 0.8400504442788096, 0.6913095344813607, 0.06530916421514744, -0.15736855791630508, 0.8266433904526382, -0.11398605859357054, -0.8759771908258049, -0.8608685562052538], [0.0007022418005586076, 0.17111254637714424, 0.6561442424449215, 0.7357455053530855, 0.7306387970367043, 0.07254014986225477, 0.8400504442788096, 1.0, 0.6812148456663802, 0.28434974447469374, -0.16803933045094122, 0.8193697583672936, -0.2306855053329135, -0.7639104356415048, -0.721311640217283], [-0.10507737295970138, 0.00221823646589699, 0.6154186520015177, 0.7033594217562115, 0.6149990700766801, 0.1496838420498638, 0.6913095344813607, 0.6812148456663802, 1.0, -0.17031003923458163, -0.13118731644234763, 0.6003949059503477, -0.3444368107292915, -0.6398649971131994, -0.6230722347638247], [0.06129595304378867, 0.03998825530646368, 0.11209227236382165, 0.09518017601329357, 0.14887202381673706, -0.07159519295693552, 0.06530916421514744, 0.28434974447469374, -0.17031003923458163, 1.0, -0.057525718758759226, 0.17494922106577612, 0.19084606078950045, -0.07005751811842159, -0.01237423362239004], [0.16511882544687945, -0.038465009821653955, -0.12987114105387346, -0.0982265657568939, -0.13286215351417296, 0.0347469032897184, -0.15736855791630508, -0.16803933045094122, -0.13118731644234763, -0.057525718758759226, 1.0, -0.22525953698918216, 0.10915718009405266, 0.280864065025872, 0.253912350284272], [0.08976748575959699, 0.20686034860157973, 0.5808227913635662, 0.6932281813348106, 0.6894947478723789, 0.04152942373015205, 0.8266433904526382, 0.8193697583672936, 0.6003949059503477, 0.17494922106577612, -0.22525953698918216, 1.0, 0.113462871589489, -0.8514499582132276, -0.8204969967531627], [0.1363558493981893, 0.1739815813865329, -0.18534324135733063, -0.1672538739679297, -0.14305199197953986, -0.11517392768488419, -0.11398605859357054, -0.2306855053329135, -0.3444368107292915, 0.19084606078950045, 0.10915718009405266, 0.113462871589489, 1.0, -6.93439568131852e-05, -0.02154180410949462], [-0.015737034836937586, -0.18991414200507697, -0.6786247213284128, -0.7684105557717709, -0.7367926110318602, -0.19246425911844245, -0.8759771908258049, -0.7639104356415048, -0.6398649971131994, -0.07005751811842159, 0.280864065025872, -0.8514499582132276, -6.93439568131852e-05, 1.0, 0.9618508878362799], [0.046857834624239016, -0.1573946544746261, -0.6608569190703933, -0.7271910606104531, -0.7101696863404231, -0.20021710164170037, -0.8608685562052538, -0.721311640217283, -0.6230722347638247, -0.01237423362239004, 0.253912350284272, -0.8204969967531627, -0.02154180410949462, 0.9618508878362799, 1.0]], "x": ["symboling", "normalized_losses", "wheel_base", "length", "width", "height", "curb_weight", "engine_size", "bore", "stroke", " compression_ratio", "horsepower", "peak_rpm", "city_mpg", "highway_mpg"]}], {"paper_bgcolor": "#FFFFFF", "legend": {"font": {"color": "#4D5663"}, "bgcolor": "#FFFFFF"}, "plot_bgcolor": "#FFFFFF", "xaxis1": {"tickfont": {"color": "#4D5663"}, "showgrid": true, "title": "Features", "titlefont": {"color": "#4D5663"}, "zerolinecolor": "#E1E5ED", "gridcolor": "#E1E5ED"}, "titlefont": {"color": "#4D5663"}, "yaxis1": {"tickfont": {"color": "#4D5663"}, "showgrid": true, "title": "Features", "titlefont": {"color": "#4D5663"}, "zerolinecolor": "#E1E5ED", "gridcolor": "#E1E5ED"}}, {})</script>