<div id="62253d68-b154-49bb-88c2-e1b38d748b1b" style="height: 100%; width: 90%;" class="plotly-graph-div"></div><script type="text/javascript">window.PLOTLYENV=window.PLOTLYENV || {};window.PLOTLYENV.BASE_URL="https://plot.ly";Plotly.newPlot("62253d68-b154-49bb-88c2-e1b38d748b1b", [{"colorscale": [[0.0, "rgb(255, 153, 51)"], [0.1111111111111111, "rgb(55, 128, 191)"], [0.2222222222222222, "rgb(50, 171, 96)"], [0.3333333333333333, "rgb(128, 0, 128)"], [0.4444444444444444, "rgb(219, 64, 82)"], [0.5555555555555556, "rgb(0, 128, 128)"], [0.6666666666666666, "rgb(255, 255, 51)"], [0.7777777777777778, "rgb(128, 128, 0)"], [0.8888888888888888, "rgb(251, 128, 114)"], [1.0, "rgb(128, 177, 211)"]], "y": ["symboling", "normalized_losses", "wheel_base", "length", "width", "height", "curb_weight", "engine_size", "bore", "stroke", " compression_ratio", "horsepower", "peak_rpm", "city_mpg", "highway_mpg", "class"], "x": ["symboling", "normalized_losses", "wheel_base", "length", "width", "height", "curb_weight", "engine_size", "bore", "stroke", " compression_ratio", "horsepower", "peak_rpm", "city_mpg", "highway_mpg", "class"], "type": "heatmap", "z": [[1.0, 0.5183436427560326, -0.5205905729182996, -0.336256756492629, -0.21918597013533914, -0.47518486987199904, -0.2518799751791172, -0.10945329651608039, -0.2564693449981049, -0.02128509155440396, -0.13831574214625147, -0.003949088263682984, 0.1991055741236647, 0.08954963327783469, 0.1498300657697996, -0.16279428140584495], [0.5183436427560326, 1.0, -0.06008568254831986, 0.035540705789309596, 0.10972620245400405, -0.41370154227075684, 0.12585791552203376, 0.20781960634878757, -0.03155814447138582, 0.06333047962839512, -0.12725909798092083, 0.2905105527033198, 0.2376966209113977, -0.23552347608698787, -0.18856420323926598, 0.2027612999070911], [-0.5205905729182996, -0.06008568254831986, 1.0, 0.8715344800527428, 0.8149912471520304, 0.5557671302471281, 0.8101814915760277, 0.6492055818127322, 0.5781585316854903, 0.16744867615056427, 0.29143144952627964, 0.5169475285991718, -0.2892344509802458, -0.5806571958239795, -0.6117498952560229, 0.7344189369206996], [-0.336256756492629, 0.035540705789309596, 0.8715344800527428, 1.0, 0.8383384583780433, 0.4992513657706438, 0.8712910826294725, 0.7259533098472527, 0.6463175508660112, 0.12107307761342533, 0.18481417705875053, 0.6720632959890641, -0.23407384098100317, -0.7245444465626979, -0.7245986677069237, 0.7609521757548675], [-0.21918597013533914, 0.10972620245400405, 0.8149912471520304, 0.8383384583780433, 1.0, 0.29270579852143175, 0.8705945333294447, 0.7792533907033642, 0.5725541609559739, 0.19661872240494768, 0.25875168766512413, 0.6818717574106629, -0.23221604850733935, -0.6666843888964303, -0.6933385067650568, 0.8433705132929795], [-0.47518486987199904, -0.41370154227075684, 0.5557671302471281, 0.4992513657706438, 0.29270579852143175, 1.0, 0.3670518102612758, 0.111082595757647, 0.2548360833152453, -0.09131269300626699, 0.23330820707251537, 0.034317134974987805, -0.2458641573139179, -0.1997374782950488, -0.226135616467988, 0.24483625452119764], [-0.2518799751791172, 0.12585791552203376, 0.8101814915760277, 0.8712910826294725, 0.8705945333294447, 0.3670518102612758, 1.0, 0.8886261069145107, 0.6457915839804632, 0.17384441882614085, 0.22472398558943418, 0.7900953915415863, -0.25998787558942105, -0.762155229953537, -0.7893379590108646, 0.8936390528402922], [-0.10945329651608039, 0.20781960634878757, 0.6492055818127322, 0.7259533098472527, 0.7792533907033642, 0.111082595757647, 0.8886261069145107, 1.0, 0.5957368752269161, 0.299683073508585, 0.1410967110945632, 0.8120726263087286, -0.2846858116104589, -0.6991392626197871, -0.714095098707077, 0.8414956026114574], [-0.2564693449981049, -0.03155814447138582, 0.5781585316854903, 0.6463175508660112, 0.5725541609559739, 0.2548360833152453, 0.6457915839804632, 0.5957368752269161, 1.0, -0.10258113146012178, 0.015119077026567798, 0.5602391683228392, -0.3122689119789564, -0.59044027852546, -0.5908503933880028, 0.533890352151915], [-0.02128509155440396, 0.06333047962839512, 0.16744867615056427, 0.12107307761342533, 0.19661872240494768, -0.09131269300626699, 0.17384441882614085, 0.299683073508585, -0.10258113146012178, 1.0, 0.24358681000821603, 0.14880379762999826, -0.011311907165212787, -0.020055055223563278, -0.012934380991769264, 0.16066434143610153], [-0.13831574214625147, -0.12725909798092083, 0.29143144952627964, 0.18481417705875053, 0.25875168766512413, 0.23330820707251537, 0.22472398558943418, 0.1410967110945632, 0.015119077026567798, 0.24358681000821603, 1.0, -0.16230524497853935, -0.41676854932154556, 0.27833158298679095, 0.2214825830698044, 0.2093614685070124], [-0.003949088263682984, 0.2905105527033198, 0.5169475285991718, 0.6720632959890641, 0.6818717574106629, 0.034317134974987805, 0.7900953915415863, 0.8120726263087286, 0.5602391683228392, 0.14880379762999826, -0.16230524497853935, 1.0, 0.07405682424750937, -0.837214154936443, -0.8279410511954655, 0.7598739453801002], [0.1991055741236647, 0.2376966209113977, -0.2892344509802458, -0.23407384098100317, -0.23221604850733935, -0.2458641573139179, -0.25998787558942105, -0.2846858116104589, -0.3122689119789564, -0.011311907165212787, -0.41676854932154556, 0.07405682424750937, 1.0, -0.05292904255709935, -0.03277717175896395, -0.17191607232569286], [0.08954963327783469, -0.23552347608698787, -0.5806571958239795, -0.7245444465626979, -0.6666843888964303, -0.1997374782950488, -0.762155229953537, -0.6991392626197871, -0.59044027852546, -0.020055055223563278, 0.27833158298679095, -0.837214154936443, -0.05292904255709935, 1.0, 0.9719988006718843, -0.69227306190206], [0.1498300657697996, -0.18856420323926598, -0.6117498952560229, -0.7245986677069237, -0.6933385067650568, -0.226135616467988, -0.7893379590108646, -0.714095098707077, -0.5908503933880028, -0.012934380991769264, 0.2214825830698044, -0.8279410511954655, -0.03277717175896395, 0.9719988006718843, 1.0, -0.7200900979318621], [-0.16279428140584495, 0.2027612999070911, 0.7344189369206996, 0.7609521757548675, 0.8433705132929795, 0.24483625452119764, 0.8936390528402922, 0.8414956026114574, 0.533890352151915, 0.16066434143610153, 0.2093614685070124, 0.7598739453801002, -0.17191607232569286, -0.69227306190206, -0.7200900979318621, 1.0]]}], {"xaxis1": {"tickfont": {"color": "#4D5663"}, "showgrid": true, "zerolinecolor": "#E1E5ED", "gridcolor": "#E1E5ED", "titlefont": {"color": "#4D5663"}, "title": "Features"}, "titlefont": {"color": "#4D5663"}, "yaxis1": {"tickfont": {"color": "#4D5663"}, "showgrid": true, "zerolinecolor": "#E1E5ED", "gridcolor": "#E1E5ED", "titlefont": {"color": "#4D5663"}, "title": "Features"}, "paper_bgcolor": "#FFFFFF", "legend": {"bgcolor": "#FFFFFF", "font": {"color": "#4D5663"}}, "plot_bgcolor": "#FFFFFF"}, {})</script>