<div id="d318c98c-6339-4b4d-872c-bb13af196879" style="height: 100%; width: 90%;" class="plotly-graph-div"></div><script type="text/javascript">window.PLOTLYENV=window.PLOTLYENV || {};window.PLOTLYENV.BASE_URL="https://plot.ly";Plotly.newPlot("d318c98c-6339-4b4d-872c-bb13af196879", [{"type": "heatmap", "colorscale": [[0.0, "rgb(255, 153, 51)"], [0.1111111111111111, "rgb(55, 128, 191)"], [0.2222222222222222, "rgb(50, 171, 96)"], [0.3333333333333333, "rgb(128, 0, 128)"], [0.4444444444444444, "rgb(219, 64, 82)"], [0.5555555555555556, "rgb(0, 128, 128)"], [0.6666666666666666, "rgb(255, 255, 51)"], [0.7777777777777778, "rgb(128, 128, 0)"], [0.8888888888888888, "rgb(251, 128, 114)"], [1.0, "rgb(128, 177, 211)"]], "y": ["bladelen", "petiole", "bladewid", "latitude", "logwid", "loglen", "arch"], "x": ["bladelen", "petiole", "bladewid", "latitude", "logwid", "loglen", "arch"], "z": [[1.0, 0.4826218614419311, 0.8031061474013939, -5.301803903584828e-16, 0.8197554875763304, 0.9648287659022821, 0.5878057232875149], [0.4826218614419311, 1.0, 0.47078694656773185, 1.1733959311377325e-16, 0.5858213219088244, 0.5170560369784075, 0.586271686821218], [0.8031061474013939, 0.47078694656773185, 1.0, 6.162795682711859e-16, 0.9224044472855016, 0.7209522878043031, 0.4517997886755255], [-5.301803903584828e-16, 1.1733959311377325e-16, 6.162795682711859e-16, 1.0, -9.864432777681236e-17, -2.138113721963652e-16, -9.304960745509722e-17], [0.8197554875763304, 0.5858213219088244, 0.9224044472855016, -9.864432777681236e-17, 1.0, 0.8077207299094735, 0.5201286285416987], [0.9648287659022821, 0.5170560369784075, 0.7209522878043031, -2.138113721963652e-16, 0.8077207299094735, 1.0, 0.6308346099424815], [0.5878057232875149, 0.586271686821218, 0.4517997886755255, -9.304960745509722e-17, 0.5201286285416987, 0.6308346099424815, 1.0]]}], {"titlefont": {"color": "#4D5663"}, "yaxis1": {"titlefont": {"color": "#4D5663"}, "gridcolor": "#E1E5ED", "tickfont": {"color": "#4D5663"}, "showgrid": true, "title": "Features", "zerolinecolor": "#E1E5ED"}, "plot_bgcolor": "#FFFFFF", "paper_bgcolor": "#FFFFFF", "legend": {"bgcolor": "#FFFFFF", "font": {"color": "#4D5663"}}, "xaxis1": {"titlefont": {"color": "#4D5663"}, "gridcolor": "#E1E5ED", "tickfont": {"color": "#4D5663"}, "showgrid": true, "title": "Features", "zerolinecolor": "#E1E5ED"}}, {})</script>